1.200000000000000000e+01 2.000000000000000000e+00 2.789472527473682226e-02 1.877752632198273139e-02 8.227821480657607212e-02
1.200000000000000000e+01 3.000000000000000000e+00 3.260696951784200492e-02 2.152478573295554809e-02 9.079842407033845986e-02
1.200000000000000000e+01 4.000000000000000000e+00 3.026899544694544586e-02 2.074164796355698268e-02 1.078106487353911042e-01
1.200000000000000000e+01 5.000000000000000000e+00 3.245180488407380798e-02 2.438319589511124194e-02 1.174774787442844498e-01
1.200000000000000000e+01 6.000000000000000000e+00 2.888977883928738055e-02 1.794883931943011199e-02 8.033363578186716869e-02
1.200000000000000000e+01 7.000000000000000000e+00 2.917955039795221139e-02 2.027648492307921463e-02 1.043081405261351013e-01
1.200000000000000000e+01 8.000000000000000000e+00 2.847799524564932974e-02 2.001863262463059873e-02 1.090142523561544452e-01
1.200000000000000000e+01 9.000000000000000000e+00 2.715927286325485121e-02 1.629428690028880689e-02 7.170918299488351910e-02
1.200000000000000000e+01 1.000000000000000000e+01 2.253393587601246542e-02 1.023936222481715633e-02 4.318881832697961387e-02
1.200000000000000000e+01 1.100000000000000000e+01 1.996748345575462616e-02 7.605595521841154207e-03 3.948138109417721753e-02
1.200000000000000000e+01 1.200000000000000000e+01 1.944637429244741936e-02 7.036312119130356049e-03 3.065342430730624151e-02
1.200000000000000000e+01 1.300000000000000000e+01 1.821274537000417207e-02 6.989556758076074204e-03 3.855431774098330017e-02
1.200000000000000000e+01 1.400000000000000000e+01 1.818129287305171593e-02 6.676160207011082315e-03 3.977758032625059587e-02
1.200000000000000000e+01 1.500000000000000000e+01 1.816583369028830150e-02 6.282029897994677488e-03 3.020036600202352650e-02
1.200000000000000000e+01 1.600000000000000000e+01 1.748949173296852899e-02 5.363446198411325576e-03 2.787450138476302991e-02
1.200000000000000000e+01 1.700000000000000000e+01 1.607827064166103895e-02 5.622937505792412888e-03 2.829454276247622690e-02
1.200000000000000000e+01 1.800000000000000000e+01 1.685944924367734077e-02 5.093417453419971964e-03 2.799571117561164973e-02
1.800000000000000000e+01 2.000000000000000000e+00 2.196776845618561222e-02 1.011050200297957183e-02 4.739772539748974417e-02
1.800000000000000000e+01 3.000000000000000000e+00 1.565169184637616243e-02 7.986377343655424663e-03 4.621813123016539626e-02
1.800000000000000000e+01 4.000000000000000000e+00 1.667137021611449568e-02 9.225757882757722184e-03 4.668939914121030682e-02
1.800000000000000000e+01 5.000000000000000000e+00 1.749595066869339549e-02 1.562084256935749454e-02 8.946619470777120164e-02
1.800000000000000000e+01 6.000000000000000000e+00 1.563332078178332127e-02 1.057134648697569991e-02 4.645715313226272958e-02
1.800000000000000000e+01 7.000000000000000000e+00 1.454456876610829043e-02 9.092845998904053664e-03 5.096164227943134062e-02
1.800000000000000000e+01 8.000000000000000000e+00 1.430656866223693584e-02 7.906614472653211018e-03 3.063558063495276304e-02
1.800000000000000000e+01 9.000000000000000000e+00 1.398900732700123807e-02 8.818484197422852069e-03 3.293274483801206243e-02
1.800000000000000000e+01 1.000000000000000000e+01 1.304043135586597547e-02 7.246336840027779898e-03 2.703701676750491778e-02
1.800000000000000000e+01 1.100000000000000000e+01 1.307749411011260333e-02 7.486631863620193256e-03 2.613502798348301542e-02
1.800000000000000000e+01 1.200000000000000000e+01 1.309439534451350452e-02 7.390776547949205917e-03 3.106651647989896320e-02
1.800000000000000000e+01 1.300000000000000000e+01 1.112793933055533126e-02 6.213539192363354974e-03 2.099726678128941565e-02
1.800000000000000000e+01 1.400000000000000000e+01 1.125443044201112318e-02 6.333381625002791615e-03 2.079028664935866910e-02
1.800000000000000000e+01 1.500000000000000000e+01 1.139329098583401027e-02 6.200341982786614949e-03 2.143231252563385786e-02
1.800000000000000000e+01 1.600000000000000000e+01 1.119691565577549813e-02 6.547162807141194626e-03 2.149635970282220976e-02
1.800000000000000000e+01 1.700000000000000000e+01 1.060360983468616736e-02 5.672658541116613017e-03 2.135628147419465009e-02
1.800000000000000000e+01 1.800000000000000000e+01 1.049086376338512205e-02 5.547376343507900640e-03 1.974513474912575894e-02
2.400000000000000000e+01 2.000000000000000000e+00 2.070102472689224274e-02 9.636471538801257702e-03 3.494021426604272673e-02
2.400000000000000000e+01 3.000000000000000000e+00 1.531315951450158697e-02 6.610892153595661520e-03 3.488343043875010568e-02
2.400000000000000000e+01 4.000000000000000000e+00 1.454324160608529842e-02 1.125920273320325966e-02 3.899818944476211857e-02
2.400000000000000000e+01 5.000000000000000000e+00 1.278997362390510428e-02 1.005179940227171435e-02 4.833513306936578630e-02
2.400000000000000000e+01 6.000000000000000000e+00 1.331415477562064402e-02 1.100164331503223139e-02 4.624960420074571144e-02
2.400000000000000000e+01 7.000000000000000000e+00 1.247652314461173730e-02 9.243211018945551166e-03 4.423127504716478642e-02
2.400000000000000000e+01 8.000000000000000000e+00 1.218952139453008399e-02 8.771946353251142831e-03 3.420364074547661837e-02
2.400000000000000000e+01 9.000000000000000000e+00 1.183971401124964823e-02 9.982018278455021681e-03 3.511879638063804959e-02
2.400000000000000000e+01 1.000000000000000000e+01 1.107546863114070718e-02 8.639764974701128267e-03 3.485164744003921289e-02
2.400000000000000000e+01 1.100000000000000000e+01 1.108308204214731446e-02 8.524445402649022049e-03 3.283722001872040053e-02
2.400000000000000000e+01 1.200000000000000000e+01 1.082574627303176107e-02 8.166308702463717997e-03 3.113402491967083227e-02
2.400000000000000000e+01 1.300000000000000000e+01 9.864047726298584562e-03 7.221203498295324097e-03 2.595640536500282147e-02
2.400000000000000000e+01 1.400000000000000000e+01 9.518778546763731821e-03 6.913598739308477251e-03 2.470471950639556782e-02
2.400000000000000000e+01 1.500000000000000000e+01 9.312105154266997822e-03 6.505494499379762922e-03 2.413377089980289769e-02
2.400000000000000000e+01 1.600000000000000000e+01 9.073192183330974422e-03 6.204253880816131689e-03 2.257768747230017720e-02
2.400000000000000000e+01 1.700000000000000000e+01 8.806151548551745603e-03 5.783194651451592505e-03 2.161657641066632232e-02
2.400000000000000000e+01 1.800000000000000000e+01 8.856266128764788553e-03 5.569928040163435110e-03 2.086523705186250563e-02
3.000000000000000000e+01 2.000000000000000000e+00 1.596940911047806111e-02 1.312330327916081535e-02 3.624298259539467104e-02
3.000000000000000000e+01 3.000000000000000000e+00 1.008698934783541258e-02 8.492651373309782759e-03 3.558759991655194993e-02
3.000000000000000000e+01 4.000000000000000000e+00 1.065101212548233423e-02 1.054201826218728252e-02 4.030452663037562694e-02
3.000000000000000000e+01 5.000000000000000000e+00 1.010419948322347806e-02 9.735924641747335795e-03 5.426479968867446713e-02
3.000000000000000000e+01 6.000000000000000000e+00 9.836825311389971530e-03 9.337380919934860218e-03 4.097787539807501433e-02
3.000000000000000000e+01 7.000000000000000000e+00 9.452126256879285135e-03 8.783289384566957819e-03 3.666748018477976323e-02
3.000000000000000000e+01 8.000000000000000000e+00 9.612777707695661922e-03 9.775121168683122488e-03 3.821814186641898925e-02
3.000000000000000000e+01 9.000000000000000000e+00 9.469853941098360997e-03 1.101417878689143516e-02 4.392235387708282035e-02
3.000000000000000000e+01 1.000000000000000000e+01 8.029942486073469651e-03 8.037353556002595212e-03 3.167205072600313975e-02
3.000000000000000000e+01 1.100000000000000000e+01 8.009125846972456331e-03 7.669731808940933281e-03 2.850136824243319073e-02
3.000000000000000000e+01 1.200000000000000000e+01 7.885876625238858947e-03 7.485590659859524959e-03 2.633933052731401991e-02
3.000000000000000000e+01 1.300000000000000000e+01 7.705482287011994509e-03 7.240246943597073402e-03 2.577646447765420332e-02
3.000000000000000000e+01 1.400000000000000000e+01 7.562878606248205592e-03 7.038184902397333353e-03 2.477707113895983790e-02
3.000000000000000000e+01 1.500000000000000000e+01 7.407393550404852735e-03 6.871212915480586110e-03 2.482289200781579927e-02
3.000000000000000000e+01 1.600000000000000000e+01 7.169950532414710864e-03 6.401554183605741126e-03 2.274027319027208810e-02
3.000000000000000000e+01 1.700000000000000000e+01 6.761131968691702458e-03 6.040031019745557145e-03 2.217214770984855463e-02
3.000000000000000000e+01 1.800000000000000000e+01 6.636046875245905745e-03 5.760441513923220645e-03 2.150758285021391394e-02
3.600000000000000000e+01 2.000000000000000000e+00 1.426306770499101602e-02 1.323047432176397559e-02 4.462288210018320461e-02
3.600000000000000000e+01 3.000000000000000000e+00 9.612752475666902149e-03 9.525626393985277274e-03 4.376588998705756295e-02
3.600000000000000000e+01 4.000000000000000000e+00 8.865468600177527081e-03 8.835590745969797155e-03 3.749458120597744248e-02
3.600000000000000000e+01 5.000000000000000000e+00 9.157498313024547282e-03 1.041558329426378431e-02 6.288647285296264378e-02
3.600000000000000000e+01 6.000000000000000000e+00 8.908986457532117043e-03 8.989420341213692420e-03 4.563311137195580347e-02
3.600000000000000000e+01 7.000000000000000000e+00 8.564319495920040201e-03 8.600013966191619869e-03 3.891108180287464885e-02
3.600000000000000000e+01 8.000000000000000000e+00 8.268471161879627218e-03 8.191530198373651525e-03 4.012332231710390162e-02
3.600000000000000000e+01 9.000000000000000000e+00 7.950741359828613838e-03 9.035469412199449019e-03 4.575133672281368746e-02
3.600000000000000000e+01 1.000000000000000000e+01 7.626821948252520550e-03 7.965692732833082323e-03 3.286110638646141252e-02
3.600000000000000000e+01 1.100000000000000000e+01 7.641930790988124729e-03 7.646089568163397417e-03 3.085808150632032149e-02
3.600000000000000000e+01 1.200000000000000000e+01 7.614628268568107011e-03 7.488373938144533837e-03 2.792777207440762938e-02
3.600000000000000000e+01 1.300000000000000000e+01 7.457992099225878475e-03 7.379925552254058309e-03 2.766164007423599358e-02
3.600000000000000000e+01 1.400000000000000000e+01 7.265531742040039209e-03 7.097169047486110056e-03 2.625579985553944118e-02
3.600000000000000000e+01 1.500000000000000000e+01 7.095373247835007162e-03 6.859294772704484754e-03 2.626313034748757255e-02
3.600000000000000000e+01 1.600000000000000000e+01 6.812735824700489641e-03 6.497542953961204550e-03 2.448242266195910233e-02
3.600000000000000000e+01 1.700000000000000000e+01 6.560410152999222692e-03 6.369243815487020920e-03 2.395817648381391024e-02
3.600000000000000000e+01 1.800000000000000000e+01 6.519670016645592002e-03 6.181481626328993832e-03 2.336499871852939364e-02
4.200000000000000000e+01 2.000000000000000000e+00 1.230647858897199014e-02 1.198587001282067771e-02 3.767137298831826214e-02
4.200000000000000000e+01 3.000000000000000000e+00 8.660982270404416969e-03 8.261127389711957203e-03 3.454199238584790971e-02
4.200000000000000000e+01 4.000000000000000000e+00 7.274419168285449662e-03 7.255784958952121201e-03 3.155747435402389556e-02
4.200000000000000000e+01 5.000000000000000000e+00 7.689732622803865242e-03 9.066994906104580351e-03 5.449199343618725544e-02
4.200000000000000000e+01 6.000000000000000000e+00 7.934399961149134206e-03 8.706937977362893405e-03 3.999409831013563121e-02
4.200000000000000000e+01 7.000000000000000000e+00 7.732899341349418892e-03 8.465959817929955000e-03 3.896109746915928790e-02
4.200000000000000000e+01 8.000000000000000000e+00 7.750258303586029900e-03 8.722923554088038087e-03 4.456465738368603491e-02
4.200000000000000000e+01 9.000000000000000000e+00 7.807463302791886779e-03 1.084204792608025464e-02 5.237248570417232102e-02
4.200000000000000000e+01 1.000000000000000000e+01 6.880417918195644300e-03 7.709538397240220907e-03 3.417273245570921075e-02
4.200000000000000000e+01 1.100000000000000000e+01 6.570428026248875154e-03 7.286070268684568911e-03 3.302180688826110433e-02
4.200000000000000000e+01 1.200000000000000000e+01 6.536274810532183809e-03 6.976776157766958857e-03 2.977547810646057405e-02
4.200000000000000000e+01 1.300000000000000000e+01 6.523389667069021645e-03 6.949129845353378514e-03 2.864963478016514450e-02
4.200000000000000000e+01 1.400000000000000000e+01 6.429007844554156248e-03 6.739689514071531100e-03 2.835737507287071704e-02
4.200000000000000000e+01 1.500000000000000000e+01 6.139943918233032281e-03 6.328160436823724103e-03 2.676108427745439375e-02
4.200000000000000000e+01 1.600000000000000000e+01 6.025437234321633084e-03 6.038134432763163535e-03 2.496679445285040350e-02
4.200000000000000000e+01 1.700000000000000000e+01 5.965375073884199297e-03 5.994252186333199998e-03 2.371887535394366989e-02
4.200000000000000000e+01 1.800000000000000000e+01 5.933270684110837460e-03 6.019918083867122419e-03 2.319097703224104468e-02
4.800000000000000000e+01 2.000000000000000000e+00 8.994392906204858040e-03 1.004560980213160815e-02 3.455216795757069109e-02
4.800000000000000000e+01 3.000000000000000000e+00 7.164821847726127180e-03 7.147049662885708934e-03 3.161617831913000887e-02
4.800000000000000000e+01 4.000000000000000000e+00 6.746097023072297923e-03 6.698632119006786567e-03 2.981427749902416588e-02
4.800000000000000000e+01 5.000000000000000000e+00 6.685476141420604486e-03 7.114467552947519556e-03 3.980170704748155208e-02
4.800000000000000000e+01 6.000000000000000000e+00 7.295214801897841050e-03 8.223728987230592008e-03 3.958805327190524637e-02
4.800000000000000000e+01 7.000000000000000000e+00 7.134993689509011583e-03 7.946680031710774000e-03 3.754308112633816114e-02
4.800000000000000000e+01 8.000000000000000000e+00 6.972173742713497387e-03 7.905696264386171193e-03 4.501691074941508580e-02
4.800000000000000000e+01 9.000000000000000000e+00 7.447458950838674839e-03 1.099600936827246390e-02 5.570560759935912210e-02
4.800000000000000000e+01 1.000000000000000000e+01 6.445943036523620051e-03 7.466944080355765977e-03 3.324861494976094622e-02
4.800000000000000000e+01 1.100000000000000000e+01 6.368520377456302235e-03 7.138714227983166197e-03 3.256021572123769803e-02
4.800000000000000000e+01 1.200000000000000000e+01 6.221315890963132096e-03 6.762356213637622099e-03 3.091488391980386913e-02
4.800000000000000000e+01 1.300000000000000000e+01 6.114953677496324895e-03 6.805862188877956874e-03 3.017018709460467241e-02
4.800000000000000000e+01 1.400000000000000000e+01 5.956328827905183095e-03 6.503063648215894055e-03 2.933619730142417170e-02
4.800000000000000000e+01 1.500000000000000000e+01 5.880154747326510854e-03 6.274961431202472073e-03 2.831685203543622339e-02
4.800000000000000000e+01 1.600000000000000000e+01 5.730248497179520929e-03 5.912869419776143817e-03 2.593670834958876695e-02
4.800000000000000000e+01 1.700000000000000000e+01 5.757379952482447050e-03 5.900300556085799619e-03 2.439254664393709568e-02
4.800000000000000000e+01 1.800000000000000000e+01 5.647017174151283507e-03 5.784470494762403679e-03 2.365157534373208900e-02
5.400000000000000000e+01 2.000000000000000000e+00 8.586767735887269881e-03 9.095346134108560007e-03 3.332118890172908188e-02
5.400000000000000000e+01 3.000000000000000000e+00 7.207841367421218871e-03 7.098983692206551309e-03 3.135512659335153163e-02
5.400000000000000000e+01 4.000000000000000000e+00 6.532464457977627155e-03 6.579556639818859645e-03 2.921979928312035124e-02
5.400000000000000000e+01 5.000000000000000000e+00 6.509036947088236991e-03 7.527637124266627587e-03 4.161165121726050076e-02
5.400000000000000000e+01 6.000000000000000000e+00 6.852470357005382984e-03 7.857947892261164802e-03 3.269296722376946462e-02
5.400000000000000000e+01 7.000000000000000000e+00 6.597983654924758495e-03 7.759463812765725679e-03 3.393300589486332453e-02
5.400000000000000000e+01 8.000000000000000000e+00 6.482957711532642830e-03 8.014825461572460535e-03 4.665008723792739287e-02
5.400000000000000000e+01 9.000000000000000000e+00 6.542781757703700247e-03 8.570146060216941516e-03 5.395908051157681518e-02
5.400000000000000000e+01 1.000000000000000000e+01 6.161218285740556640e-03 7.425917859862610562e-03 3.206111585744488013e-02
5.400000000000000000e+01 1.100000000000000000e+01 6.147883197129090649e-03 7.150647131945761167e-03 3.153231791612598478e-02
5.400000000000000000e+01 1.200000000000000000e+01 5.976744455967649035e-03 6.833645645745453807e-03 3.010064780766797884e-02
5.400000000000000000e+01 1.300000000000000000e+01 5.926441734184033187e-03 6.871712111245864389e-03 2.953941620997115741e-02
5.400000000000000000e+01 1.400000000000000000e+01 5.812378322515712910e-03 6.694007638870281413e-03 2.860542246739406977e-02
5.400000000000000000e+01 1.500000000000000000e+01 5.758603828994440094e-03 6.490679686120361114e-03 2.779626187601209539e-02
5.400000000000000000e+01 1.600000000000000000e+01 5.612944596433066917e-03 6.236570579754624824e-03 2.552537203654233616e-02
5.400000000000000000e+01 1.700000000000000000e+01 5.519165395479914797e-03 6.035564260120069788e-03 2.453434725865459923e-02
5.400000000000000000e+01 1.800000000000000000e+01 5.482853073538233868e-03 5.961313234967824913e-03 2.460696696932997835e-02
6.000000000000000000e+01 2.000000000000000000e+00 8.045726820834953399e-03 9.011472526999566787e-03 3.298979308085775441e-02
6.000000000000000000e+01 3.000000000000000000e+00 6.763978195754969010e-03 7.167375797887684877e-03 3.134290578251458514e-02
6.000000000000000000e+01 4.000000000000000000e+00 6.498789343059013963e-03 6.702728118308178169e-03 2.934058052938628286e-02
6.000000000000000000e+01 5.000000000000000000e+00 6.375502715734369247e-03 6.413688906180610438e-03 2.957129007136917107e-02
6.000000000000000000e+01 6.000000000000000000e+00 7.057544880482477523e-03 7.763650464966049582e-03 3.298660514816649514e-02
6.000000000000000000e+01 7.000000000000000000e+00 6.823299371005960012e-03 7.678587058758013818e-03 3.284614756991653672e-02
6.000000000000000000e+01 8.000000000000000000e+00 6.558428326833867957e-03 7.316536379780345413e-03 3.201867995706057790e-02
6.000000000000000000e+01 9.000000000000000000e+00 6.772163326740799662e-03 8.426440246010011292e-03 5.298760657687869718e-02
6.000000000000000000e+01 1.000000000000000000e+01 6.352494623110262369e-03 7.366466838591708560e-03 3.225956133019236560e-02
6.000000000000000000e+01 1.100000000000000000e+01 6.308554855961355685e-03 7.159053612785477166e-03 3.178348603384287957e-02
6.000000000000000000e+01 1.200000000000000000e+01 6.175008051678973660e-03 6.909219280347465159e-03 3.039089580523646195e-02
6.000000000000000000e+01 1.300000000000000000e+01 6.103134446096674000e-03 6.900631121715170881e-03 2.977081247003410258e-02
6.000000000000000000e+01 1.400000000000000000e+01 6.092345523596475083e-03 6.861986967139677845e-03 2.891525333340859774e-02
6.000000000000000000e+01 1.500000000000000000e+01 5.967791345070495683e-03 6.609830671307004475e-03 2.759218490580091915e-02
6.000000000000000000e+01 1.600000000000000000e+01 5.977577332021299754e-03 6.471799393941956614e-03 2.580015051056557679e-02
6.000000000000000000e+01 1.700000000000000000e+01 5.769170923340440245e-03 6.134158661342402515e-03 2.503171169577452643e-02
6.000000000000000000e+01 1.800000000000000000e+01 5.776602503596579841e-03 6.082835027298576572e-03 2.470083626133717791e-02
