1.200000000000000000e+01 3.000000000000000000e+00 1.973546693780828601e-02 1.061551334430084308e-02 6.582825443700612844e-02
1.200000000000000000e+01 4.000000000000000000e+00 1.961138757075801473e-02 1.012787610187513079e-02 5.930400292107135263e-02
1.200000000000000000e+01 5.000000000000000000e+00 1.888611687468199837e-02 1.105025613664680634e-02 6.057975483439757836e-02
1.200000000000000000e+01 6.000000000000000000e+00 2.163612966114375480e-02 1.226717172623274094e-02 9.260546009027444125e-02
1.200000000000000000e+01 7.000000000000000000e+00 1.998381291211797153e-02 1.238340542695019059e-02 7.960956124914310428e-02
1.200000000000000000e+01 8.000000000000000000e+00 1.806644790191335240e-02 1.115683530170658716e-02 5.803192181172504155e-02
1.200000000000000000e+01 9.000000000000000000e+00 1.774387413595718277e-02 1.077336095281868078e-02 5.817702010232674720e-02
1.200000000000000000e+01 1.000000000000000000e+01 1.739728781856813775e-02 1.027938629994956839e-02 5.748004669255828147e-02
1.200000000000000000e+01 1.100000000000000000e+01 1.741994674314972791e-02 9.973467350911395177e-03 5.278008932981932688e-02
1.200000000000000000e+01 1.200000000000000000e+01 1.757841617666983450e-02 1.019979505161285917e-02 5.447141944031378552e-02
1.200000000000000000e+01 1.300000000000000000e+01 1.739068925577742092e-02 9.947890653496143515e-03 5.569443833024614182e-02
1.200000000000000000e+01 1.400000000000000000e+01 1.722765614341652610e-02 9.885006515222678758e-03 5.457155280450394497e-02
1.200000000000000000e+01 1.500000000000000000e+01 1.724028542253966401e-02 1.002794529386557068e-02 5.545797818320082062e-02
1.200000000000000000e+01 1.600000000000000000e+01 1.765669624364404541e-02 1.025476197914651326e-02 5.766942479321629511e-02
1.200000000000000000e+01 1.700000000000000000e+01 1.649487718208312789e-02 8.841048135223001855e-03 5.063008813210256864e-02
1.200000000000000000e+01 1.800000000000000000e+01 1.625454914116072902e-02 8.757727326690490505e-03 5.873630808168528450e-02
1.800000000000000000e+01 3.000000000000000000e+00 1.547873665093982797e-02 5.608222366215881785e-03 4.709231588089515114e-02
1.800000000000000000e+01 4.000000000000000000e+00 1.464500367705101787e-02 5.242757020451678344e-03 3.059769704085398695e-02
1.800000000000000000e+01 5.000000000000000000e+00 1.556804515035124792e-02 6.004991148444752472e-03 2.831201565241837567e-02
1.800000000000000000e+01 6.000000000000000000e+00 1.889959346977430552e-02 1.116238683491719945e-02 5.439223229877058335e-02
1.800000000000000000e+01 7.000000000000000000e+00 1.573899555316310775e-02 8.409907248926627027e-03 4.381098473681928340e-02
1.800000000000000000e+01 8.000000000000000000e+00 1.216226189145535631e-02 5.100462625170111911e-03 3.123287374058384552e-02
1.800000000000000000e+01 9.000000000000000000e+00 1.176801883249743892e-02 5.163847176423338667e-03 3.215731322871838438e-02
1.800000000000000000e+01 1.000000000000000000e+01 1.111333302738639651e-02 3.668853060323896183e-03 2.464415123503904681e-02
1.800000000000000000e+01 1.100000000000000000e+01 1.192375164988995241e-02 3.962010549844552885e-03 2.855804007818382034e-02
1.800000000000000000e+01 1.200000000000000000e+01 1.136378346763793762e-02 3.692351771478998707e-03 2.607975253693907078e-02
1.800000000000000000e+01 1.300000000000000000e+01 1.097287766447685442e-02 3.304438148282519330e-03 2.135944126073129404e-02
1.800000000000000000e+01 1.400000000000000000e+01 1.067845207428072540e-02 3.188631126307702075e-03 1.918490766525677779e-02
1.800000000000000000e+01 1.500000000000000000e+01 1.079639403890451065e-02 3.196862583610869668e-03 1.913115146322958912e-02
1.800000000000000000e+01 1.600000000000000000e+01 1.104599155190611436e-02 3.507395715650091662e-03 2.021879865190712167e-02
1.800000000000000000e+01 1.700000000000000000e+01 1.116803809548307103e-02 3.569594648438405987e-03 1.955877147664091334e-02
1.800000000000000000e+01 1.800000000000000000e+01 1.144172283720993472e-02 3.653822615457544016e-03 1.960955160150350610e-02
2.400000000000000000e+01 3.000000000000000000e+00 1.659198609172450253e-02 8.331000113363329004e-03 6.963873654155891546e-02
2.400000000000000000e+01 4.000000000000000000e+00 1.590520341700900689e-02 9.970603655220752412e-03 9.047820099048974052e-02
2.400000000000000000e+01 5.000000000000000000e+00 1.422912532110737031e-02 7.883651355965120427e-03 7.296725860364527971e-02
2.400000000000000000e+01 6.000000000000000000e+00 1.324064668194042255e-02 7.520671797694869834e-03 6.433634418323144755e-02
2.400000000000000000e+01 7.000000000000000000e+00 1.200296065858702521e-02 6.495648303726974694e-03 6.522994634272648307e-02
2.400000000000000000e+01 8.000000000000000000e+00 1.212982130463985397e-02 7.071093172490269980e-03 6.491621952877264790e-02
2.400000000000000000e+01 9.000000000000000000e+00 1.146228052370119356e-02 7.263500547121615365e-03 6.642350999305937642e-02
2.400000000000000000e+01 1.000000000000000000e+01 1.072495156832350277e-02 4.062896177300688756e-03 3.722604211199638524e-02
2.400000000000000000e+01 1.100000000000000000e+01 1.103028033296562203e-02 4.808837994862424914e-03 4.689000628575860918e-02
2.400000000000000000e+01 1.200000000000000000e+01 1.162772944199876035e-02 5.314224103774306193e-03 4.721282041667962392e-02
2.400000000000000000e+01 1.300000000000000000e+01 1.104444200300149469e-02 6.024233498977274795e-03 5.947556436555878623e-02
2.400000000000000000e+01 1.400000000000000000e+01 1.041477024184695420e-02 4.136456562570846839e-03 3.726778588172725837e-02
2.400000000000000000e+01 1.500000000000000000e+01 1.065546883014825696e-02 5.246569385303420652e-03 4.930733212590984044e-02
2.400000000000000000e+01 1.600000000000000000e+01 1.018930701163947572e-02 4.138289939830345349e-03 3.698722872913344506e-02
2.400000000000000000e+01 1.700000000000000000e+01 1.032570188084132312e-02 4.219452910856740999e-03 3.718279188310442962e-02
2.400000000000000000e+01 1.800000000000000000e+01 1.054972331951631141e-02 4.231979381412920641e-03 3.658643738245309640e-02
3.000000000000000000e+01 3.000000000000000000e+00 9.126930685666776941e-03 5.249307101677798924e-03 2.000648162701241725e-02
3.000000000000000000e+01 4.000000000000000000e+00 1.002240104731139982e-02 5.934321505996941609e-03 2.019572581608864922e-02
3.000000000000000000e+01 5.000000000000000000e+00 7.846961671973358421e-03 4.730917562988253521e-03 1.663689256434751698e-02
3.000000000000000000e+01 6.000000000000000000e+00 9.593402672232477155e-03 8.323641800683598962e-03 4.714944120356978630e-02
3.000000000000000000e+01 7.000000000000000000e+00 7.106361488697234864e-03 4.302665029076281969e-03 1.786471195987937577e-02
3.000000000000000000e+01 8.000000000000000000e+00 7.990543527324065615e-03 8.021463074149914885e-03 4.544880358472499354e-02
3.000000000000000000e+01 9.000000000000000000e+00 6.495183510410761259e-03 5.405894878136767792e-03 2.686375136952971060e-02
3.000000000000000000e+01 1.000000000000000000e+01 5.993512599729459121e-03 3.929513204002907378e-03 1.906555027586000900e-02
3.000000000000000000e+01 1.100000000000000000e+01 6.085743138037803639e-03 3.770107698275189378e-03 1.395044590476473070e-02
3.000000000000000000e+01 1.200000000000000000e+01 6.252517853646013223e-03 3.879287708355321808e-03 1.680018463126181638e-02
3.000000000000000000e+01 1.300000000000000000e+01 6.159948867953093238e-03 3.875490247064196023e-03 1.592795448421663318e-02
3.000000000000000000e+01 1.400000000000000000e+01 6.025094532542961921e-03 3.661254556875103393e-03 1.398433322863679162e-02
3.000000000000000000e+01 1.500000000000000000e+01 6.003944795475789180e-03 3.618292786592637329e-03 1.254008849409605705e-02
3.000000000000000000e+01 1.600000000000000000e+01 6.172489336670545362e-03 3.755792532552136055e-03 1.364923954519635732e-02
3.000000000000000000e+01 1.700000000000000000e+01 6.217470740172481580e-03 3.775053823347387233e-03 1.380601431075995089e-02
3.000000000000000000e+01 1.800000000000000000e+01 6.262679208644574870e-03 3.849203912600139381e-03 1.418426264809819967e-02
3.600000000000000000e+01 3.000000000000000000e+00 8.175994260501117869e-03 7.276018602187028957e-03 4.739196800731705628e-02
3.600000000000000000e+01 4.000000000000000000e+00 8.375843333161542628e-03 5.929527918146436025e-03 2.798394391931001771e-02
3.600000000000000000e+01 5.000000000000000000e+00 7.468543988853835851e-03 5.508616846263155072e-03 2.607761793895495631e-02
3.600000000000000000e+01 6.000000000000000000e+00 7.471054728727032253e-03 5.806394840741165367e-03 2.440324665242080832e-02
3.600000000000000000e+01 7.000000000000000000e+00 6.220629223710302975e-03 4.841715463676739273e-03 2.226688108300215602e-02
3.600000000000000000e+01 8.000000000000000000e+00 5.947522833412627330e-03 5.935499741551459457e-03 3.647601489506966527e-02
3.600000000000000000e+01 9.000000000000000000e+00 5.434713027747856834e-03 4.983948009319999831e-03 2.312044255126754003e-02
3.600000000000000000e+01 1.000000000000000000e+01 4.948421223794178224e-03 4.057424696623183197e-03 2.046163918918656593e-02
3.600000000000000000e+01 1.100000000000000000e+01 4.877831482830080612e-03 4.038575573386266396e-03 2.433230152894141213e-02
3.600000000000000000e+01 1.200000000000000000e+01 5.080434235409559025e-03 3.821855920659956128e-03 1.933801897248826895e-02
3.600000000000000000e+01 1.300000000000000000e+01 5.078325715752008730e-03 3.797107603535272626e-03 1.778717891028503903e-02
3.600000000000000000e+01 1.400000000000000000e+01 4.897619526428980026e-03 3.620037175782053838e-03 1.855386287894419256e-02
3.600000000000000000e+01 1.500000000000000000e+01 4.942852272620445499e-03 3.686183677262051990e-03 1.871206730164422932e-02
3.600000000000000000e+01 1.600000000000000000e+01 5.020104894781915288e-03 3.890067328220685964e-03 2.254196568201794967e-02
3.600000000000000000e+01 1.700000000000000000e+01 5.071221758500565197e-03 3.983962200600803076e-03 2.318347825965717465e-02
3.600000000000000000e+01 1.800000000000000000e+01 5.164701712123008839e-03 4.036376813064486771e-03 2.322108569093524894e-02
4.200000000000000000e+01 3.000000000000000000e+00 7.134320233348467703e-03 5.063461229122339161e-03 3.125584957445869116e-02
4.200000000000000000e+01 4.000000000000000000e+00 7.986606789721220970e-03 5.613245751779459211e-03 1.914968048782973373e-02
4.200000000000000000e+01 5.000000000000000000e+00 6.821194785937048123e-03 4.697534129098430468e-03 1.874624792031922421e-02
4.200000000000000000e+01 6.000000000000000000e+00 7.249927987804921821e-03 6.387746891545114346e-03 3.979283629195329297e-02
4.200000000000000000e+01 7.000000000000000000e+00 5.835346998467758062e-03 4.366917422564083225e-03 2.420015790532703548e-02
4.200000000000000000e+01 8.000000000000000000e+00 5.237838561687785562e-03 4.863221818217717575e-03 3.107270184218722392e-02
4.200000000000000000e+01 9.000000000000000000e+00 5.224105305501093761e-03 4.643964415576430464e-03 2.631910490340616526e-02
4.200000000000000000e+01 1.000000000000000000e+01 4.615413741315104422e-03 3.514046712430515026e-03 1.529083548186674878e-02
4.200000000000000000e+01 1.100000000000000000e+01 4.497448689455716721e-03 3.216756096120623049e-03 1.265591747853013135e-02
4.200000000000000000e+01 1.200000000000000000e+01 4.509053312168841837e-03 3.258859404294856942e-03 1.207516814558788967e-02
4.200000000000000000e+01 1.300000000000000000e+01 4.434622901514028402e-03 3.287615985825117094e-03 1.420649453977906873e-02
4.200000000000000000e+01 1.400000000000000000e+01 4.174830967793067941e-03 2.839300352223533223e-03 1.192057889910925692e-02
4.200000000000000000e+01 1.500000000000000000e+01 4.204761960996879731e-03 2.947928299851384007e-03 1.263428104393389192e-02
4.200000000000000000e+01 1.600000000000000000e+01 4.242021057490529164e-03 3.102690607851074991e-03 1.288971654802756328e-02
4.200000000000000000e+01 1.700000000000000000e+01 4.274573029303053301e-03 3.167598712435196976e-03 1.319995586643275473e-02
4.200000000000000000e+01 1.800000000000000000e+01 4.223467500799335007e-03 3.118716356963847480e-03 1.330548340235645534e-02
4.800000000000000000e+01 3.000000000000000000e+00 5.379296537960449182e-03 3.661201541838028217e-03 1.774745251954463685e-02
4.800000000000000000e+01 4.000000000000000000e+00 5.533124034636468548e-03 3.999489207041438850e-03 1.547854112364226500e-02
4.800000000000000000e+01 5.000000000000000000e+00 5.076744629042569991e-03 3.128564558572678039e-03 1.394233439870781223e-02
4.800000000000000000e+01 6.000000000000000000e+00 5.578633661793370481e-03 3.640119134557053687e-03 1.411546013901964283e-02
4.800000000000000000e+01 7.000000000000000000e+00 5.685207660139306347e-03 4.192409106537383322e-03 1.743424878127316363e-02
4.800000000000000000e+01 8.000000000000000000e+00 4.571444858398784374e-03 3.412618298952188600e-03 2.064343605697899209e-02
4.800000000000000000e+01 9.000000000000000000e+00 4.505608224236690336e-03 3.738256984649441107e-03 2.308017808433613510e-02
4.800000000000000000e+01 1.000000000000000000e+01 4.374546735646044071e-03 3.110267734491350879e-03 1.388535051328658801e-02
4.800000000000000000e+01 1.100000000000000000e+01 4.396513058508334792e-03 3.123667978685780965e-03 1.398882958269231924e-02
4.800000000000000000e+01 1.200000000000000000e+01 4.430688201880484019e-03 3.181137893684781240e-03 1.397023465975452163e-02
4.800000000000000000e+01 1.300000000000000000e+01 4.347240323017999113e-03 3.248052793883354859e-03 1.605070573347107052e-02
4.800000000000000000e+01 1.400000000000000000e+01 3.999766571636497771e-03 2.681613290182830681e-03 1.295618067841912760e-02
4.800000000000000000e+01 1.500000000000000000e+01 4.019086068506310706e-03 2.731593281729159575e-03 1.278761488640655156e-02
4.800000000000000000e+01 1.600000000000000000e+01 4.264965735705953526e-03 3.589151365386971607e-03 2.309634314282311626e-02
4.800000000000000000e+01 1.700000000000000000e+01 4.129960535680861876e-03 3.035903861706846889e-03 1.546973215280117442e-02
4.800000000000000000e+01 1.800000000000000000e+01 4.070119335175861539e-03 3.024002355684304953e-03 1.592033398356992174e-02
5.400000000000000000e+01 3.000000000000000000e+00 5.505018152852078628e-03 4.126954881242114390e-03 1.932872604883285536e-02
5.400000000000000000e+01 4.000000000000000000e+00 6.558582205206844006e-03 4.609516079746346813e-03 1.500356145666628151e-02
5.400000000000000000e+01 5.000000000000000000e+00 5.227748560643947877e-03 3.709195338144336083e-03 1.245784916125458608e-02
5.400000000000000000e+01 6.000000000000000000e+00 6.338503075492216317e-03 4.455940271683661927e-03 1.484668822357435546e-02
5.400000000000000000e+01 7.000000000000000000e+00 6.844317341922897917e-03 5.749422609445689787e-03 2.073941714876701564e-02
5.400000000000000000e+01 8.000000000000000000e+00 4.196415581327416974e-03 3.698725490067647850e-03 1.808943991609470586e-02
5.400000000000000000e+01 9.000000000000000000e+00 4.101560411016408163e-03 3.730025348718898470e-03 2.005092791001015368e-02
5.400000000000000000e+01 1.000000000000000000e+01 4.301529298054137911e-03 3.655726478402710443e-03 1.642326813953067649e-02
5.400000000000000000e+01 1.100000000000000000e+01 4.015712957365445007e-03 3.275052352322577447e-03 1.398112692295894188e-02
5.400000000000000000e+01 1.200000000000000000e+01 4.508519625783825695e-03 3.772748207197582689e-03 1.484339051225265146e-02
5.400000000000000000e+01 1.300000000000000000e+01 4.061232839352407580e-03 3.340233820884939194e-03 1.597759002977187232e-02
5.400000000000000000e+01 1.400000000000000000e+01 3.798562352784772000e-03 2.887832740809167381e-03 1.283044096613902320e-02
5.400000000000000000e+01 1.500000000000000000e+01 3.858609151735451284e-03 2.945858050215957244e-03 1.281616926848676632e-02
5.400000000000000000e+01 1.600000000000000000e+01 3.949932486350497818e-03 3.494891733423591794e-03 2.198016932358281064e-02
5.400000000000000000e+01 1.700000000000000000e+01 3.895895498243210492e-03 3.216006875172549000e-03 1.344928428013998298e-02
5.400000000000000000e+01 1.800000000000000000e+01 3.835793858705023856e-03 3.078010645250736036e-03 1.275288816164057461e-02
6.000000000000000000e+01 3.000000000000000000e+00 5.132176358646091570e-03 4.137639408809492582e-03 1.837559672817924358e-02
6.000000000000000000e+01 4.000000000000000000e+00 6.027238427638709900e-03 4.514478046230193872e-03 1.656450731718643946e-02
6.000000000000000000e+01 5.000000000000000000e+00 4.538387972790779851e-03 3.306214753926949110e-03 1.370891261669225994e-02
6.000000000000000000e+01 6.000000000000000000e+00 5.939295071055043611e-03 4.525169628569703992e-03 1.644656282944152378e-02
6.000000000000000000e+01 7.000000000000000000e+00 5.674865855194336645e-03 5.210312122681300812e-03 2.155723833336804438e-02
6.000000000000000000e+01 8.000000000000000000e+00 4.052100805543225326e-03 3.497019399609934635e-03 1.709393585782570391e-02
6.000000000000000000e+01 9.000000000000000000e+00 4.100758502035149050e-03 4.003064068414527270e-03 1.880326640752737546e-02
6.000000000000000000e+01 1.000000000000000000e+01 3.745917297792265756e-03 2.966962230147429831e-03 1.312163040369627130e-02
6.000000000000000000e+01 1.100000000000000000e+01 4.013966221320611032e-03 3.168267576098583119e-03 1.223470509352918636e-02
6.000000000000000000e+01 1.200000000000000000e+01 4.175426410787191900e-03 3.475311607510785626e-03 1.512079159093725547e-02
6.000000000000000000e+01 1.300000000000000000e+01 3.810718923332732152e-03 3.196127060360984436e-03 1.460448514920246153e-02
6.000000000000000000e+01 1.400000000000000000e+01 3.632949601924655419e-03 2.813668382738120349e-03 1.202401932884309375e-02
6.000000000000000000e+01 1.500000000000000000e+01 3.623375944416691846e-03 2.809482754281334739e-03 1.170677295651334493e-02
6.000000000000000000e+01 1.600000000000000000e+01 3.650081677640410697e-03 2.881553534806133212e-03 1.385350913727005986e-02
6.000000000000000000e+01 1.700000000000000000e+01 3.715939280637067105e-03 2.985633953977213755e-03 1.402889456579943170e-02
6.000000000000000000e+01 1.800000000000000000e+01 3.728666313037228789e-03 3.097779738707689794e-03 1.434391379935897638e-02
