1.800000000000000000e+01 3.000000000000000000e+00 1.565169184637616243e-02 7.986377343655424663e-03 4.621813123016539626e-02
1.800000000000000000e+01 4.000000000000000000e+00 1.667137021611449568e-02 9.225757882757722184e-03 4.668939914121030682e-02
1.800000000000000000e+01 5.000000000000000000e+00 1.749595066869339549e-02 1.562084256935749454e-02 8.946619470777120164e-02
1.800000000000000000e+01 6.000000000000000000e+00 1.563332078178332127e-02 1.057134648697569991e-02 4.645715313226272958e-02
1.800000000000000000e+01 7.000000000000000000e+00 1.454456876610829043e-02 9.092845998904053664e-03 5.096164227943134062e-02
1.800000000000000000e+01 8.000000000000000000e+00 1.430656866223693584e-02 7.906614472653211018e-03 3.063558063495276304e-02
1.800000000000000000e+01 9.000000000000000000e+00 1.398900732700123807e-02 8.818484197422852069e-03 3.293274483801206243e-02
2.400000000000000000e+01 3.000000000000000000e+00 1.531315951450158697e-02 6.610892153595661520e-03 3.488343043875010568e-02
2.400000000000000000e+01 4.000000000000000000e+00 1.454324160608529842e-02 1.125920273320325966e-02 3.899818944476211857e-02
2.400000000000000000e+01 5.000000000000000000e+00 1.278997362390510428e-02 1.005179940227171435e-02 4.833513306936578630e-02
2.400000000000000000e+01 6.000000000000000000e+00 1.331415477562064402e-02 1.100164331503223139e-02 4.624960420074571144e-02
2.400000000000000000e+01 7.000000000000000000e+00 1.247652314461173730e-02 9.243211018945551166e-03 4.423127504716478642e-02
2.400000000000000000e+01 8.000000000000000000e+00 1.218952139453008399e-02 8.771946353251142831e-03 3.420364074547661837e-02
2.400000000000000000e+01 9.000000000000000000e+00 1.183971401124964823e-02 9.982018278455021681e-03 3.511879638063804959e-02
3.000000000000000000e+01 3.000000000000000000e+00 1.008698934783541258e-02 8.492651373309782759e-03 3.558759991655194993e-02
3.000000000000000000e+01 4.000000000000000000e+00 1.065101212548233423e-02 1.054201826218728252e-02 4.030452663037562694e-02
3.000000000000000000e+01 5.000000000000000000e+00 1.010419948322347806e-02 9.735924641747335795e-03 5.426479968867446713e-02
3.000000000000000000e+01 6.000000000000000000e+00 9.836825311389971530e-03 9.337380919934860218e-03 4.097787539807501433e-02
3.000000000000000000e+01 7.000000000000000000e+00 9.452126256879285135e-03 8.783289384566957819e-03 3.666748018477976323e-02
3.000000000000000000e+01 8.000000000000000000e+00 9.612777707695661922e-03 9.775121168683122488e-03 3.821814186641898925e-02
3.000000000000000000e+01 9.000000000000000000e+00 9.469853941098360997e-03 1.101417878689143516e-02 4.392235387708282035e-02
3.600000000000000000e+01 3.000000000000000000e+00 9.612752475666902149e-03 9.525626393985277274e-03 4.376588998705756295e-02
3.600000000000000000e+01 4.000000000000000000e+00 8.865468600177527081e-03 8.835590745969797155e-03 3.749458120597744248e-02
3.600000000000000000e+01 5.000000000000000000e+00 9.157498313024547282e-03 1.041558329426378431e-02 6.288647285296264378e-02
3.600000000000000000e+01 6.000000000000000000e+00 8.908986457532117043e-03 8.989420341213692420e-03 4.563311137195580347e-02
3.600000000000000000e+01 7.000000000000000000e+00 8.564319495920040201e-03 8.600013966191619869e-03 3.891108180287464885e-02
3.600000000000000000e+01 8.000000000000000000e+00 8.268471161879627218e-03 8.191530198373651525e-03 4.012332231710390162e-02
3.600000000000000000e+01 9.000000000000000000e+00 7.950741359828613838e-03 9.035469412199449019e-03 4.575133672281368746e-02
4.200000000000000000e+01 3.000000000000000000e+00 8.660982270404416969e-03 8.261127389711957203e-03 3.454199238584790971e-02
4.200000000000000000e+01 4.000000000000000000e+00 7.274419168285449662e-03 7.255784958952121201e-03 3.155747435402389556e-02
4.200000000000000000e+01 5.000000000000000000e+00 7.689732622803865242e-03 9.066994906104580351e-03 5.449199343618725544e-02
4.200000000000000000e+01 6.000000000000000000e+00 7.934399961149134206e-03 8.706937977362893405e-03 3.999409831013563121e-02
4.200000000000000000e+01 7.000000000000000000e+00 7.732899341349418892e-03 8.465959817929955000e-03 3.896109746915928790e-02
4.200000000000000000e+01 8.000000000000000000e+00 7.750258303586029900e-03 8.722923554088038087e-03 4.456465738368603491e-02
4.200000000000000000e+01 9.000000000000000000e+00 7.807463302791886779e-03 1.084204792608025464e-02 5.237248570417232102e-02
4.800000000000000000e+01 3.000000000000000000e+00 7.164821847726127180e-03 7.147049662885708934e-03 3.161617831913000887e-02
4.800000000000000000e+01 4.000000000000000000e+00 6.746097023072297923e-03 6.698632119006786567e-03 2.981427749902416588e-02
4.800000000000000000e+01 5.000000000000000000e+00 6.685476141420604486e-03 7.114467552947519556e-03 3.980170704748155208e-02
4.800000000000000000e+01 6.000000000000000000e+00 7.295214801897841050e-03 8.223728987230592008e-03 3.958805327190524637e-02
4.800000000000000000e+01 7.000000000000000000e+00 7.134993689509011583e-03 7.946680031710774000e-03 3.754308112633816114e-02
4.800000000000000000e+01 8.000000000000000000e+00 6.972173742713497387e-03 7.905696264386171193e-03 4.501691074941508580e-02
4.800000000000000000e+01 9.000000000000000000e+00 7.447458950838674839e-03 1.099600936827246390e-02 5.570560759935912210e-02
5.400000000000000000e+01 3.000000000000000000e+00 7.207841367421218871e-03 7.098983692206551309e-03 3.135512659335153163e-02
5.400000000000000000e+01 4.000000000000000000e+00 6.532464457977627155e-03 6.579556639818859645e-03 2.921979928312035124e-02
5.400000000000000000e+01 5.000000000000000000e+00 6.509036947088236991e-03 7.527637124266627587e-03 4.161165121726050076e-02
5.400000000000000000e+01 6.000000000000000000e+00 6.852470357005382984e-03 7.857947892261164802e-03 3.269296722376946462e-02
5.400000000000000000e+01 7.000000000000000000e+00 6.597983654924758495e-03 7.759463812765725679e-03 3.393300589486332453e-02
5.400000000000000000e+01 8.000000000000000000e+00 6.482957711532642830e-03 8.014825461572460535e-03 4.665008723792739287e-02
5.400000000000000000e+01 9.000000000000000000e+00 6.542781757703700247e-03 8.570146060216941516e-03 5.395908051157681518e-02
6.000000000000000000e+01 3.000000000000000000e+00 6.763978195754969010e-03 7.167375797887684877e-03 3.134290578251458514e-02
6.000000000000000000e+01 4.000000000000000000e+00 6.498789343059013963e-03 6.702728118308178169e-03 2.934058052938628286e-02
6.000000000000000000e+01 5.000000000000000000e+00 6.375502715734369247e-03 6.413688906180610438e-03 2.957129007136917107e-02
6.000000000000000000e+01 6.000000000000000000e+00 7.057544880482477523e-03 7.763650464966049582e-03 3.298660514816649514e-02
6.000000000000000000e+01 7.000000000000000000e+00 6.823299371005960012e-03 7.678587058758013818e-03 3.284614756991653672e-02
6.000000000000000000e+01 8.000000000000000000e+00 6.558428326833867957e-03 7.316536379780345413e-03 3.201867995706057790e-02
6.000000000000000000e+01 9.000000000000000000e+00 6.772163326740799662e-03 8.426440246010011292e-03 5.298760657687869718e-02
