3.000000000000000000e+00 1.200000000000000000e+01 2.078914874534981000e-02 2.451629810172859230e-03
3.000000000000000000e+00 1.800000000000000000e+01 1.864206641892656932e-02 2.315746468296975454e-03
3.000000000000000000e+00 2.400000000000000000e+01 1.818286770569803659e-02 1.666851730624262706e-03
3.000000000000000000e+00 3.000000000000000000e+01 1.041601355043032633e-02 2.591971104941043040e-03
3.000000000000000000e+00 3.600000000000000000e+01 7.351837426747282432e-03 7.586642883770237976e-04
3.000000000000000000e+00 4.200000000000000000e+01 6.938697725478619634e-03 7.483658514521069217e-04
3.000000000000000000e+00 4.800000000000000000e+01 6.114317959340418059e-03 9.919952334727236490e-04
3.000000000000000000e+00 5.400000000000000000e+01 5.930957549896223764e-03 9.315414869556673354e-04
3.000000000000000000e+00 6.000000000000000000e+01 5.263229453018617755e-03 9.030959166165068979e-04
4.000000000000000000e+00 1.200000000000000000e+01 2.235773326020652416e-02 2.123580958195791287e-03
4.000000000000000000e+00 1.800000000000000000e+01 1.700917208861363675e-02 1.262487225804712456e-03
4.000000000000000000e+00 2.400000000000000000e+01 1.637653987577325498e-02 1.332568061096527047e-03
4.000000000000000000e+00 3.000000000000000000e+01 8.320475224581963189e-03 1.409494036084245252e-03
4.000000000000000000e+00 3.600000000000000000e+01 6.775027580452255144e-03 5.480520849912642878e-04
4.000000000000000000e+00 4.200000000000000000e+01 6.503413858899009629e-03 1.004925164104474413e-03
4.000000000000000000e+00 4.800000000000000000e+01 6.053409982299990527e-03 1.223934067861148431e-03
4.000000000000000000e+00 5.400000000000000000e+01 5.983753632497920867e-03 1.643305684394488417e-03
4.000000000000000000e+00 6.000000000000000000e+01 5.304459960947864768e-03 1.488378337455152417e-03
5.000000000000000000e+00 1.200000000000000000e+01 2.187889245801937291e-02 1.867758631212989608e-03
5.000000000000000000e+00 1.800000000000000000e+01 1.709158383703607981e-02 2.094067964613697316e-03
5.000000000000000000e+00 2.400000000000000000e+01 1.609569132545289952e-02 2.197246105242425373e-03
5.000000000000000000e+00 3.000000000000000000e+01 7.651060758516202431e-03 1.601618812191230902e-03
5.000000000000000000e+00 3.600000000000000000e+01 5.833977517637929655e-03 8.589751812816514686e-04
5.000000000000000000e+00 4.200000000000000000e+01 5.741301765304035291e-03 9.928563803795387079e-04
5.000000000000000000e+00 4.800000000000000000e+01 5.338758158150228028e-03 1.014133590137344118e-03
5.000000000000000000e+00 5.400000000000000000e+01 5.233598888096271766e-03 1.334448268969453495e-03
5.000000000000000000e+00 6.000000000000000000e+01 4.196592515784753306e-03 1.201109981620299702e-03
6.000000000000000000e+00 1.200000000000000000e+01 2.271797476089157733e-02 2.448811172830078764e-03
6.000000000000000000e+00 1.800000000000000000e+01 1.880361541421822144e-02 2.101244818039253899e-03
6.000000000000000000e+00 2.400000000000000000e+01 1.601425329957225155e-02 1.893406037890921559e-03
6.000000000000000000e+00 3.000000000000000000e+01 8.449064929674107716e-03 2.359143669323754151e-03
6.000000000000000000e+00 3.600000000000000000e+01 6.123937268808279759e-03 8.132277943874557978e-04
6.000000000000000000e+00 4.200000000000000000e+01 5.704276980173998701e-03 1.244596285354115060e-03
6.000000000000000000e+00 4.800000000000000000e+01 5.390052371393908026e-03 1.234524651464654439e-03
6.000000000000000000e+00 5.400000000000000000e+01 5.368200863304234578e-03 1.544414263368565051e-03
6.000000000000000000e+00 6.000000000000000000e+01 4.694887191130669470e-03 1.359393992121779235e-03
7.000000000000000000e+00 1.200000000000000000e+01 2.080146657745986574e-02 2.485143686822699396e-03
7.000000000000000000e+00 1.800000000000000000e+01 1.694739195079904281e-02 2.477890065264230605e-03
7.000000000000000000e+00 2.400000000000000000e+01 1.442061413198396543e-02 1.181141107627068851e-03
7.000000000000000000e+00 3.000000000000000000e+01 7.735682877842279571e-03 1.609627121268288139e-03
7.000000000000000000e+00 3.600000000000000000e+01 5.615425988938917146e-03 8.359575899388773908e-04
7.000000000000000000e+00 4.200000000000000000e+01 5.468956077471400466e-03 1.433607964622420289e-03
7.000000000000000000e+00 4.800000000000000000e+01 5.125547853688337298e-03 1.434237160246867090e-03
7.000000000000000000e+00 5.400000000000000000e+01 5.047369676721410146e-03 1.741144249703982776e-03
7.000000000000000000e+00 6.000000000000000000e+01 4.469492567392181238e-03 1.593970037551260821e-03
8.000000000000000000e+00 1.200000000000000000e+01 1.995085935487926967e-02 2.430241647949394745e-03
8.000000000000000000e+00 1.800000000000000000e+01 1.563480061895749368e-02 2.820701738698974496e-03
8.000000000000000000e+00 2.400000000000000000e+01 1.464063502681712918e-02 2.219671855217406325e-03
8.000000000000000000e+00 3.000000000000000000e+01 7.828864767417117315e-03 1.223515854247047988e-03
8.000000000000000000e+00 3.600000000000000000e+01 5.712461288380718018e-03 7.298143861702023312e-04
8.000000000000000000e+00 4.200000000000000000e+01 5.630938220081895679e-03 1.569907206268732506e-03
8.000000000000000000e+00 4.800000000000000000e+01 5.647271741656797323e-03 2.035222882676841066e-03
8.000000000000000000e+00 5.400000000000000000e+01 5.212532407701940540e-03 1.798932947905681947e-03
8.000000000000000000e+00 6.000000000000000000e+01 4.448627685101904164e-03 1.521294487276228340e-03
9.000000000000000000e+00 1.200000000000000000e+01 1.830123774471405229e-02 2.136323412494303339e-03
9.000000000000000000e+00 1.800000000000000000e+01 1.405227572370606852e-02 1.914356725384344909e-03
9.000000000000000000e+00 2.400000000000000000e+01 1.284105407973777473e-02 1.242941860748944137e-03
9.000000000000000000e+00 3.000000000000000000e+01 6.721823646409647197e-03 1.372510010237949123e-03
9.000000000000000000e+00 3.600000000000000000e+01 5.365629748531010844e-03 6.830866332090348601e-04
9.000000000000000000e+00 4.200000000000000000e+01 4.869408698143574618e-03 8.700051669967870339e-04
9.000000000000000000e+00 4.800000000000000000e+01 4.722980253105429731e-03 1.049380928559908582e-03
9.000000000000000000e+00 5.400000000000000000e+01 4.577650267952778837e-03 1.141805977021192976e-03
9.000000000000000000e+00 6.000000000000000000e+01 4.190551748293649958e-03 1.362328762183703411e-03
1.000000000000000000e+01 1.200000000000000000e+01 1.702600632100079517e-02 2.401786040745330659e-03
1.000000000000000000e+01 1.800000000000000000e+01 1.318710925255497414e-02 1.264271286111808695e-03
1.000000000000000000e+01 2.400000000000000000e+01 1.232265037219658355e-02 1.003282854484273791e-03
1.000000000000000000e+01 3.000000000000000000e+01 6.493751657690577210e-03 1.305974444988828448e-03
1.000000000000000000e+01 3.600000000000000000e+01 5.060161512501447183e-03 6.913294743733401637e-04
1.000000000000000000e+01 4.200000000000000000e+01 4.827265727318081484e-03 7.728355903693339682e-04
1.000000000000000000e+01 4.800000000000000000e+01 4.320064051396594641e-03 8.441095221066576091e-04
1.000000000000000000e+01 5.400000000000000000e+01 4.245481654334860334e-03 8.859537933526295556e-04
1.000000000000000000e+01 6.000000000000000000e+01 4.091233263261284843e-03 7.245629220680623039e-04
1.100000000000000000e+01 1.200000000000000000e+01 1.673047687149315649e-02 1.783188235434013435e-03
1.100000000000000000e+01 1.800000000000000000e+01 1.362890926078106496e-02 1.257552207668541540e-03
1.100000000000000000e+01 2.400000000000000000e+01 1.259223304115368591e-02 1.099099619975527379e-03
1.100000000000000000e+01 3.000000000000000000e+01 6.592594924503107114e-03 1.137097404470187485e-03
1.100000000000000000e+01 3.600000000000000000e+01 5.354438760568802809e-03 7.376058371134068146e-04
1.100000000000000000e+01 4.200000000000000000e+01 4.595818470929282328e-03 8.219303549396127619e-04
1.100000000000000000e+01 4.800000000000000000e+01 4.320845617154962792e-03 9.311762164698802460e-04
1.100000000000000000e+01 5.400000000000000000e+01 4.080931215143746016e-03 8.129083870300023293e-04
1.100000000000000000e+01 6.000000000000000000e+01 4.093271281968026941e-03 8.616448494590625042e-04
1.200000000000000000e+01 1.200000000000000000e+01 1.666206068466702384e-02 1.898152350694121918e-03
1.200000000000000000e+01 1.800000000000000000e+01 1.467134183699190901e-02 1.618892723464978060e-03
1.200000000000000000e+01 2.400000000000000000e+01 1.319836865683849357e-02 7.956924688808489398e-04
1.200000000000000000e+01 3.000000000000000000e+01 6.827244995575553095e-03 1.299435585548334689e-03
1.200000000000000000e+01 3.600000000000000000e+01 5.309998154008119427e-03 6.527784757658435140e-04
1.200000000000000000e+01 4.200000000000000000e+01 4.838034855702926657e-03 7.450915645913216371e-04
1.200000000000000000e+01 4.800000000000000000e+01 4.475607149636661071e-03 1.006674152429790515e-03
1.200000000000000000e+01 5.400000000000000000e+01 4.124169485498334689e-03 1.027349097055303131e-03
1.200000000000000000e+01 6.000000000000000000e+01 3.955043201108048717e-03 9.150674482441345037e-04
1.300000000000000000e+01 1.200000000000000000e+01 1.619945317636846058e-02 1.918792557901951744e-03
1.300000000000000000e+01 1.800000000000000000e+01 1.409368625214331254e-02 1.301399932904617664e-03
1.300000000000000000e+01 2.400000000000000000e+01 1.152352510051526426e-02 1.085556235433639272e-03
1.300000000000000000e+01 3.000000000000000000e+01 6.340821961213320701e-03 1.108510757555767300e-03
1.300000000000000000e+01 3.600000000000000000e+01 5.070931455047637468e-03 6.491685142403647978e-04
1.300000000000000000e+01 4.200000000000000000e+01 4.283781098302995478e-03 7.384701343146243867e-04
1.300000000000000000e+01 4.800000000000000000e+01 3.813080056396137701e-03 6.279825184421156462e-04
1.300000000000000000e+01 5.400000000000000000e+01 3.451525876295031756e-03 6.770103066836990775e-04
1.300000000000000000e+01 6.000000000000000000e+01 3.139954336780663175e-03 7.764763983303695676e-04
1.400000000000000000e+01 1.200000000000000000e+01 1.617818823487594815e-02 1.611201915550702999e-03
1.400000000000000000e+01 1.800000000000000000e+01 1.283633925506449946e-02 9.876623137903552899e-04
1.400000000000000000e+01 2.400000000000000000e+01 1.157764811062599909e-02 1.316984899083529408e-03
1.400000000000000000e+01 3.000000000000000000e+01 6.266548927358628514e-03 1.526908701837228956e-03
1.400000000000000000e+01 3.600000000000000000e+01 4.954609083546778446e-03 7.411332846346229937e-04
1.400000000000000000e+01 4.200000000000000000e+01 4.139773273912342698e-03 5.566930188197251068e-04
1.400000000000000000e+01 4.800000000000000000e+01 3.798602679021594476e-03 5.019159248619568976e-04
1.400000000000000000e+01 5.400000000000000000e+01 3.437734463142003063e-03 6.291186110030531822e-04
1.400000000000000000e+01 6.000000000000000000e+01 3.181807956457567265e-03 6.747562854985152256e-04
1.500000000000000000e+01 1.200000000000000000e+01 1.611337614709345070e-02 1.917755192227620260e-03
1.500000000000000000e+01 1.800000000000000000e+01 1.281741080372872550e-02 8.880013837233039159e-04
1.500000000000000000e+01 2.400000000000000000e+01 1.168377697253317714e-02 1.281216166058804680e-03
1.500000000000000000e+01 3.000000000000000000e+01 6.244145801804055866e-03 1.506993987942921139e-03
1.500000000000000000e+01 3.600000000000000000e+01 4.817979297033367532e-03 4.840056096239356135e-04
1.500000000000000000e+01 4.200000000000000000e+01 3.868224027412736979e-03 4.548260000375296298e-04
1.500000000000000000e+01 4.800000000000000000e+01 3.558360387993845381e-03 4.985082236134317449e-04
1.500000000000000000e+01 5.400000000000000000e+01 3.328901884142373025e-03 4.957732950439770140e-04
1.500000000000000000e+01 6.000000000000000000e+01 3.147809993745832261e-03 6.533697723371450833e-04
1.600000000000000000e+01 1.200000000000000000e+01 1.484524608394967478e-02 1.490794166740168260e-03
1.600000000000000000e+01 1.800000000000000000e+01 1.167704399897699641e-02 7.445582516566067767e-04
1.600000000000000000e+01 2.400000000000000000e+01 1.088625650834260279e-02 8.645819807604540868e-04
1.600000000000000000e+01 3.000000000000000000e+01 5.780616164356505542e-03 1.042464546666362242e-03
1.600000000000000000e+01 3.600000000000000000e+01 4.573259636007642910e-03 5.190676791043978338e-04
1.600000000000000000e+01 4.200000000000000000e+01 3.568574226416279960e-03 6.290507645379022012e-04
1.600000000000000000e+01 4.800000000000000000e+01 3.445371834812565887e-03 5.788815991071570620e-04
1.600000000000000000e+01 5.400000000000000000e+01 3.277011599711405349e-03 5.733125820421956656e-04
1.600000000000000000e+01 6.000000000000000000e+01 2.972889244191131985e-03 6.654441791396408998e-04
1.700000000000000000e+01 1.200000000000000000e+01 1.432372933211637465e-02 1.603844999460711561e-03
1.700000000000000000e+01 1.800000000000000000e+01 1.153685291799820718e-02 6.290866995506134551e-04
1.700000000000000000e+01 2.400000000000000000e+01 1.075814952906741645e-02 9.289994690428018996e-04
1.700000000000000000e+01 3.000000000000000000e+01 5.634415149887525391e-03 1.071116241248180282e-03
1.700000000000000000e+01 3.600000000000000000e+01 4.360242130115035350e-03 5.243923737557783238e-04
1.700000000000000000e+01 4.200000000000000000e+01 3.580551566931490428e-03 5.478906214449945182e-04
1.700000000000000000e+01 4.800000000000000000e+01 3.369412610284922005e-03 6.129133149115040778e-04
1.700000000000000000e+01 5.400000000000000000e+01 3.089841033220538154e-03 5.993066070120243831e-04
1.700000000000000000e+01 6.000000000000000000e+01 2.780944638151892478e-03 7.228672621602180975e-04
1.800000000000000000e+01 1.200000000000000000e+01 1.378932659259141102e-02 1.121046096134624024e-03
1.800000000000000000e+01 1.800000000000000000e+01 1.134239122251382535e-02 4.568710106651757978e-04
1.800000000000000000e+01 2.400000000000000000e+01 1.058188968607923219e-02 8.949996211550274253e-04
1.800000000000000000e+01 3.000000000000000000e+01 5.592600030624781011e-03 1.127024950030177481e-03
1.800000000000000000e+01 3.600000000000000000e+01 4.356883423212893312e-03 5.434484148990792636e-04
1.800000000000000000e+01 4.200000000000000000e+01 3.578479345593091766e-03 6.154447393171910566e-04
1.800000000000000000e+01 4.800000000000000000e+01 3.358021800231229034e-03 6.097482792863385395e-04
1.800000000000000000e+01 5.400000000000000000e+01 3.094060607395667656e-03 6.348569032175652421e-04
1.800000000000000000e+01 6.000000000000000000e+01 2.820007242707318462e-03 7.110773747428049928e-04
