-1.134984174336652885e+00
-9.689066737123052109e-01
-8.967103620359961891e-01
-8.513617844345707786e-01
-8.145163050219669243e-01
-7.873011350491539995e-01
-7.600802317033803490e-01
-7.413590172785584631e-01
-7.187782014528496521e-01
-6.963002904509206781e-01
-6.723191146726762435e-01
-6.495363735389761972e-01
-6.304586762819058832e-01
-6.080755842907198394e-01
-5.892893338947661208e-01
-5.701489381175889326e-01
-5.507597624866633623e-01
-5.307988564783897578e-01
-5.132071004870915054e-01
-4.954323980787058712e-01
-4.781486226500633041e-01
-4.597139674708691781e-01
-4.411410933516892730e-01
-4.224712969417448449e-01
-4.035052924168871513e-01
-3.857086325397749982e-01
-3.678125005301285944e-01
-3.488236867588772605e-01
-3.301956787149611938e-01
-3.118947216082866292e-01
-2.937976426006427277e-01
-2.758134827555150936e-01
-2.579568710327914682e-01
-2.394085668476167161e-01
-2.211362488473090360e-01
-2.029393672061272358e-01
-1.842935236543554456e-01
-1.658952664789023757e-01
-1.476014202290684141e-01
-1.292015659911223968e-01
-1.108738752410773631e-01
-9.269963983346549141e-02
-7.444538642211141755e-02
-5.602593411561912484e-02
-3.753270494845371147e-02
-1.921480454439324081e-02
-9.142429674945531199e-04
1.725364687027232738e-02
3.547289162427069709e-02
5.384594525023131406e-02
7.218591190674587821e-02
9.051654930647484720e-02
1.088305939212092788e-01
1.271571801148283498e-01
1.454556847941783915e-01
1.637746634265348500e-01
1.821290438373281972e-01
2.004252926932475476e-01
2.187205984950206794e-01
2.370526131191708075e-01
2.553905051794437275e-01
2.736820535422319622e-01
2.919844631998591566e-01
3.103084967147307638e-01
3.286200595472044683e-01
3.469357468196019867e-01
3.652563940541407872e-01
3.835802185786540419e-01
4.018855795291350619e-01
4.202035382569446753e-01
4.385229571386418113e-01
4.568345501374045936e-01
4.751531953545233278e-01
4.934802431113141652e-01
5.117949762955236181e-01
5.301030804900224158e-01
5.484187324669473895e-01
5.667202592906159797e-01
5.850388131633654787e-01
6.033609362491929584e-01
6.216759075870856854e-01
6.399974207354871547e-01
6.583137128161753449e-01
6.766321826806733775e-01
6.949521513097040026e-01
7.132671758252445704e-01
7.315821946484667437e-01
7.498940873577445432e-01
7.682088034278039546e-01
7.865253473305227061e-01
8.048388004413216112e-01
8.231564140245776207e-01
8.414767660944393324e-01
8.597947133109508089e-01
8.781109836721384676e-01
8.964271766152340781e-01
9.147427733197344146e-01
9.330583624213923954e-01
9.513730362601815482e-01
9.696895082279887168e-01
9.880060254830294042e-01
1.006321430460300759e+00
1.024638433785758362e+00
1.042954375971931746e+00
1.061271465499117328e+00
1.079587759268987757e+00
1.097904169692878629e+00
1.116220579353534470e+00
1.134535634055258813e+00
1.152851436200165613e+00
1.171168228128032451e+00
1.189483806424971535e+00
1.207799756771813504e+00
1.226115457746573600e+00
1.244431666811566251e+00
1.262748819130508293e+00
1.280886613778652094e+00
