2.653333333333332544e-01 5.183333333333334236e-02 6.270000000000000018e-01 2.146666666666666698e-09 9.966666666666665897e-01
3.133333333333332416e-01 4.150000000000000216e-02 6.550000000000000266e-01 1.960000000000000263e-09 9.300000000000000488e-01
3.719999999999999973e-01 5.783333333333334075e-02 7.189999999999999725e-01 2.306666666666666559e-09 9.593333333333333712e-01
2.706666666666667220e-01 5.516666666666665553e-02 6.709999999999999298e-01 2.426666666666666559e-09 9.446666666666666545e-01
3.240000000000000102e-01 5.316666666666666069e-02 6.310000000000000053e-01 1.853333333333333758e-09 9.979999999999999982e-01
3.586666666666667447e-01 4.116666666666666391e-02 6.969999999999999529e-01 2.000000000000000125e-09 9.526666666666666616e-01
2.786666666666667291e-01 5.249999999999999806e-02 7.289999999999999813e-01 2.386666666666666283e-09 9.393333333333333535e-01
3.400000000000000244e-01 4.050000000000000128e-02 6.370000000000000107e-01 2.173333333333333687e-09 9.633333333333333748e-01
3.639999999999999902e-01 5.716666666666665730e-02 6.829999999999999405e-01 1.720000000000000057e-09 9.753333333333333854e-01
2.919999999999999818e-01 5.116666666666665891e-02 6.769999999999999352e-01 1.786666666666666494e-09 9.206666666666667442e-01
3.106666666666667576e-01 4.016666666666666996e-02 7.069999999999999618e-01 2.320000000000000260e-09 9.713333333333333819e-01
3.773333333333332984e-01 5.683333333333333987e-02 6.250000000000000000e-01 2.120000000000000124e-09 9.779999999999999805e-01
2.413333333333333164e-01 5.349999999999999895e-02 6.909999999999999476e-01 2.093333333333333549e-09 9.793333333333333890e-01
3.293333333333333113e-01 4.316666666666665875e-02 6.789999999999999369e-01 2.466666666666666420e-09 9.326666666666666439e-01
3.613333333333332842e-01 5.149999999999999717e-02 6.390000000000000124e-01 1.746666666666666839e-09 9.540000000000000702e-01
2.760000000000000231e-01 5.883333333333333470e-02 6.430000000000000160e-01 1.986666666666666424e-09 9.659999999999999698e-01
3.453333333333332700e-01 4.416666666666665964e-02 6.990000000000000657e-01 1.800000000000000195e-09 9.886666666666665826e-01
3.933333333333333126e-01 4.783333333333333881e-02 6.510000000000000231e-01 2.333333333333333548e-09 9.380000000000000560e-01
2.866666666666667362e-01 4.916666666666665714e-02 7.050000000000000711e-01 2.480000000000000121e-09 9.873333333333333961e-01
3.079999999999999960e-01 4.083333333333333259e-02 6.630000000000000338e-01 1.733333333333333552e-09 9.646666666666666723e-01
3.746666666666667034e-01 5.416666666666666158e-02 6.330000000000000071e-01 2.080000000000000262e-09 9.233333333333333393e-01
2.546666666666666523e-01 4.716666666666665536e-02 6.229999999999999982e-01 2.026666666666666286e-09 9.340000000000000524e-01
2.946666666666667433e-01 5.550000000000000072e-02 6.949999999999999512e-01 1.813333333333333689e-09 9.939999999999999947e-01
3.986666666666667247e-01 4.216666666666665786e-02 6.870000000000000551e-01 2.373333333333333823e-09 9.619999999999999662e-01
2.493333333333333235e-01 5.216666666666665980e-02 7.129999999999999671e-01 1.946666666666666562e-09 9.433333333333333570e-01
3.213333333333332487e-01 4.250000000000000305e-02 6.690000000000000391e-01 2.159999999999999986e-09 9.993333333333334068e-01
3.906666666666667176e-01 5.649999999999999467e-02 6.469999999999999085e-01 2.453333333333333547e-09 9.553333333333333677e-01
2.626666666666667149e-01 4.183333333333333348e-02 6.570000000000000284e-01 2.106666666666666423e-09 9.673333333333333783e-01
3.320000000000000173e-01 5.983333333333333559e-02 6.289999999999998925e-01 2.266666666666666284e-09 9.420000000000000595e-01
3.826666666666667105e-01 5.283333333333334325e-02 7.269999999999999796e-01 1.933333333333333688e-09 9.766666666666666829e-01
2.573333333333333028e-01 4.850000000000000144e-02 6.450000000000000178e-01 2.413333333333333685e-09 9.739999999999999769e-01
2.999999999999999889e-01 4.283333333333334131e-02 7.170000000000000817e-01 1.919999999999999987e-09 9.313333333333333464e-01
3.853333333333333055e-01 5.849999999999999645e-02 6.670000000000000373e-01 2.013333333333333825e-09 9.500000000000000666e-01
2.893333333333332757e-01 5.949999999999999734e-02 6.889999999999999458e-01 1.773333333333333413e-09 9.460000000000000631e-01
3.186666666666667647e-01 4.950000000000000233e-02 6.209999999999999964e-01 2.399999999999999984e-09 9.473333333333333606e-01
3.693333333333332913e-01 4.449999999999999789e-02 7.249999999999999778e-01 2.186666666666666560e-09 9.846666666666666901e-01
2.840000000000000302e-01 5.816666666666665819e-02 6.810000000000000497e-01 2.360000000000000122e-09 9.833333333333333925e-01
3.160000000000000031e-01 5.050000000000000322e-02 7.229999999999999760e-01 1.706666666666666770e-09 9.566666666666666652e-01
3.559999999999999831e-01 4.616666666666666141e-02 6.109999999999999876e-01 2.039999999999999986e-09 9.406666666666666510e-01
2.520000000000000018e-01 5.583333333333333898e-02 6.149999999999999911e-01 2.279999999999999985e-09 9.513333333333333641e-01
2.973333333333332829e-01 4.816666666666665625e-02 7.209999999999999742e-01 2.066666666666666561e-09 9.953333333333334032e-01
3.800000000000000044e-01 4.649999999999999967e-02 6.649999999999999245e-01 1.906666666666666700e-09 9.273333333333333428e-01
2.733333333333332615e-01 5.083333333333334147e-02 6.610000000000000320e-01 1.760000000000000126e-09 9.579999999999999627e-01
3.373333333333332629e-01 5.449999999999999983e-02 6.409999999999999032e-01 2.439999999999999846e-09 9.859999999999999876e-01
3.666666666666666963e-01 4.583333333333333703e-02 7.149999999999999689e-01 2.226666666666666422e-09 9.286666666666666403e-01
2.680000000000000160e-01 5.916666666666665908e-02 6.529999999999999138e-01 2.053333333333333687e-09 9.246666666666667478e-01
3.266666666666667718e-01 4.983333333333334059e-02 7.009999999999999565e-01 2.253333333333333824e-09 9.606666666666666687e-01
3.880000000000000115e-01 4.549999999999999878e-02 6.349999999999998979e-01 1.893333333333333826e-09 9.819999999999999840e-01
2.600000000000000089e-01 4.349999999999999700e-02 7.110000000000000764e-01 1.866666666666666424e-09 9.686666666666666758e-01
3.426666666666667305e-01 4.750000000000000056e-02 6.169999999999999929e-01 2.199999999999999848e-09 9.926666666666665861e-01
3.533333333333332771e-01 5.616666666666665642e-02 6.849999999999999423e-01 2.346666666666666421e-09 9.260000000000000453e-01
2.813333333333332686e-01 4.883333333333333970e-02 6.750000000000000444e-01 2.240000000000000123e-09 9.220000000000000417e-01
3.053333333333332900e-01 4.516666666666666052e-02 6.129999999999999893e-01 1.840000000000000057e-09 9.699999999999999734e-01
3.480000000000000315e-01 5.749999999999999556e-02 6.930000000000000604e-01 2.133333333333333825e-09 9.899999999999999911e-01
2.439999999999999947e-01 4.383333333333334220e-02 7.029999999999999583e-01 2.293333333333333686e-09 9.486666666666666581e-01
3.026666666666667505e-01 5.483333333333333809e-02 6.189999999999999947e-01 1.880000000000000125e-09 9.353333333333333499e-01
3.960000000000000187e-01 5.016666666666665803e-02 6.730000000000000426e-01 2.213333333333333962e-09 9.806666666666666865e-01
2.466666666666666730e-01 4.683333333333333792e-02 6.490000000000000213e-01 1.826666666666666563e-09 9.913333333333333997e-01
3.346666666666667234e-01 4.483333333333333615e-02 6.589999999999999192e-01 2.493333333333333822e-09 9.726666666666666794e-01
3.506666666666667376e-01 5.383333333333333720e-02 7.089999999999999636e-01 1.973333333333333550e-09 9.366666666666666474e-01
